408,35
0,273
0,270
3,2
3,1
3,3
10,165
10,191
10,13
10,259
10,237
398,4
398,3
398,2
398,1
398,0
397,6
397,5
397,4
10,151
397,3
397,2
397,1
397,0
394,6
10,97
10,31
394,5
394,4
394,3
394,2
394,1
394,0
391,5
391,4
391,3
391,2
11,16
391,1
391,0
386,5
386,4
386,3
386,2
9,7
9,2
9,3
386,1
386,0
383,5
383,4
383,3
383,2
383,1
383,0
381,4
381,3
8,8
8,2
8,3
381,1
366,5
366,4
366,3
366,1
356,3
356,1
355,3
355,1
353,4
353,3
353,1
352,3
352,1
20,2
20,3
20,1
19,2
19,1
12,3
12,2
12,1
11,28
11,27
11,26
11,25
11,24
11,23
11,22
19,3
11,21
11,20
11,19
11,18
11,17
11,15
11,14
11,13
11,12
11,11
11,10
11,9
11,8
11,7
11,6
11,4
11,3
11,2
11,1
10,299
10,296
10,291
10,282
10,273
10,270
10,265
10,263
18,1
10,255
