10,262
10,152
10,202
10,268
10,18
10,128
10,114
10,228
10,2
10,3
9,7
9,4
9,6
9,2
9,3
8,4
8,11
8,9
8,12
8,6
8,16
20,3
20,2
20,1
19,3
19,2
19,1
12,3
12,2
12,1
11,28
11,27
11,26
11,25
11,23
11,22
11,21
11,20
11,19
11,18
11,17
11,16
11,15
11,14
11,13
11,12
11,11
11,10
11,9
11,8
11,7
11,6
11,5
11,4
11,3
11,2
11,1
10,303
10,301
10,299
10,297
10,295
10,293
10,292
10,291
10,290
10,287
10,283
10,281
10,279
18,1
18,3
10,247
10,225
14,1
14,3
13,1
13,3
10,215
10,211
10,127
10,125
10,105
10,91
10,1
2,2
2,1
2,3
10,85
9,1
9,5
8,15
8,14
8,13
8,1
8,5
8,3
8,2
3,3
3,2
3,1
0,0
79,34
79,33
79,32
